2
4
5
6
7
8
9
10
11
12
13
14
15
16
17
18
19
20
21
30
31
32
33
34
35
36
37
38
39
40
41
42
43
44
45
46
48
49
50
52
53
54
56
57
58
60
61
62
64
65
118
120
121
122
124
125
126
128
129
130
132
133
134
136
137
190
192
193
246
248
249
250
252
253
254
256
257
258
260
261
262
264
265
266
268
269
270
272
273
274
276
277
278
280
281
282
284
285
286
288
289
290
292
293
294
296
297
298
300
301
302
304
305
354
355
356
357
358
359
360
361
362
363
364
365
366
367
368
369
370
371
372
373
374
375
376
377
382
383
384
385
392
393
400
401
404
405
408
409
412
413
416
417
418
419
420
421
422
423
424
426
427
432
434
435
440
441
442
443
444
445
446
447
448
449
450
451
452
453
454
455
456
457
458
459
460
461
462
463
464
465
466
467
468
469
470
471
472
473
474
475
476
477
478
479
480
481
482
483
484
485
486
487
488
489
490
491
492
493
494
495
496
497
498
499
500
501
502
503
504
505
506
847
849
850
851
853
854
855
857
858
859
861
862
863
865
866
867
869
870
879
881
882
887
889
890
891
893
894
895
897
898
903
905
906
907
909
910
911
913
914
919
921
922
923
925
926
927
929
930
935
937
938
939
941
942
943
945
946
951
953
954
955
957
958
959
961
962
967
969
970
971
973
974
1391
1393
1394
1399
1401
1402
1403
1405
1406
1407
1409
1410
1415
1417
1418
1419
1421
1422
1423
1425
1426
1431
1433
1434
1435
1437
1438
1439
1441
1442
1447
1449
1450
1451
1453
1454
1455
1457
1458
1463
1465
1466
1467
1469
1470
1471
1473
1474
1479
1481
1482
1483
1485
1486
1487
1489
1490
1495
1497
1498
1499
1501
1502
1503
1505
1506
1511
1513
1514
1515
1517
1518
1519
1521
1522
1527
1529
1530
1531
1533
1534
2159
2161
2162
2167
2169
2170
2171
2173
2174
2175
2177
2178
2183
2185
2186
2187
2189
2190
2191
2193
2194
2199
2201
2202
2203
2205
2206
2207
2209
2210
2215
2217
2218
2219
2221
2222
2223
2225
2226
2231
2233
2234
2235
2237
2238
2239
2241
2242
2247
2249
2250
2251
2253
2254
2671
2673
2674
2679
2681
2682
2683
2685
2686
2687
2689
2690
2695
2697
2698
2699
2701
2702
2703
2705
2706
2711
2713
2714
2715
2717
2718
2719
2721
2722
2727
2729
2730
2731
2733
2734
2735
2737
2738
2743
2745
2746
2747
2749
2750
2751
2753
2754
2759
2761
2762
2763
2765
2766
3183
3185
3186
3191
3193
3194
3195
3197
3198
3199
3201
3202
3207
3209
3210
3211
3213
3214
3215
3217
3218
3223
3225
3226
3227
3229
3230
3231
3233
3234
3239
3241
3242
3243
3245
3246
3247
3249
3250
3255
3257
3258
3259
3261
3262
3263
3265
3266
3271
3273
3274
3275
3277
3278
3279
3281
3282
3287
3289
3290
3291
3293
3294
3295
3297
3298
3303
3305
3306
3307
3309
3310
3311
3313
3314
3319
3321
3322
3323
3325
3326
3951
3953
3954
3959
3961
3962
3963
3965
3966
3967
3969
3970
3975
3977
3978
3979
3981
3982
3983
3985
3986
3991
3993
3994
3995
3997
3998
3999
4001
4002
4007
4009
4010
4011
4013
4014
4015
4017
4018
4023
4025
4026
4027
4029
4030
4031
4033
4034
4039
4041
4042
4043
4045
4046
4466
4467
4468
4472
4473
4474
4475
4476
4477
4478
4480
4481
4486
4488
4489
4490
4492
4493
4494
4496
4497
4502
4504
4505
4506
4508
4509
4510
4512
4513
4518
4520
4521
4522
4524
4525
4526
4528
4529
4534
4536
4537
4538
4540
4541
4542
4544
4545
4550
4552
4553
4554
4556
4557
4558
4560
4561
4566
4568
4569
4570
4572
4573
4574
4576
4577
4582
4584
4585
4586
4588
4589
4590
4592
4593
4598
4600
4601
4602
4604
4605
4606
4608
4609
4614
4616
4617
4618
4620
4621
9054
9057
9060
9063
9066
9069
9072
9075
9078
9081
9084
9087
9090
9093
9096
9099
9102
9105
9108
9111
9114
9117
9120
9123
9126
9129
9132
9135
9138
9141
9144
9147
9150
9153
9156
9159
9162
9165
9168
9171
9174
9177
9180
9183
9186
9189
9192
9195
9198
9201
9204
9207
9210
9213
9216
9219
9222
9225
9228
9231
9234
9237
9240
9243
9246
9249
9252
9255
9258
9261
9264
9267
9270
9273
9276
9279
9282
9285
9288
9291
9294
9297
9300
9303
9306
9309
9312
9315
9318
9321
9324
9327
9330
9333
9336
9339
9342
9345
9348
9351
9354
9357
9360
9363
9366
9369
9372
9375
9378
9381
9384
9387
9390
9393
9396
9399
9402
9405
9408
9411
9414
9417
9420
9423
9426
9429
9432
9435
9438
9441
9444
9447
9450
9453
9456
9459
9460
9472
9473
9475
9477
9482
9483
9484
9485
9486
9487
9488
9489
9490
9491
9492
9493
9494
9495
9496
9497
9498
9499
9500
9501
9502
9503
9504
9505
9506
9507
9508
9509
9510
9511
9512
9513
9514
9515
9516
9517
9518
9519
9520
9521
9522
9523
9524
9525
9526
9527
9528
9529
9530
9531
9532
9533
9534
9535
9536
9537
9538
9539
9540
9541
9542
9543
9544
9545
9546
9547
9548
9549
9550
9551
9552
9553
9554
9555
9556
9557
9558
9559
9560
9561
9562
9563
9564
9565
9566
9567
9568
9569
9570
9571
9572
9573
9574
9575
9576
9577
9578
9579
9580
9581
9582
9583
9584
9585
9586
9587
9588
9589
9590
9591
9592
9593
9594
9595
9596
9597
9598
9599
9600
9601
9602
9603
9604
9605
9606
9607
9608
9609
9610
9611
9612
9613
9614
9615
9616
9617
9618
9619
9620
9621
9622
9623
9624
9625
9626
9627
9628
9629
9630
9631
9632
9633
9634
9635
9636
9637
9638
9639
9640
9641
9642
9643
9644
9645
9646
9647
9648
9649
9650
9651
9652
9653
9654
9655
